# id:25-50-25-1 
-0.44,-0.01,1
-0.07,-0.01,1
0.55,0.91,1
-0.39,0.22,1
-1,0,1
-0.41,0.19,1
-0.89,-0.11,-1
-0.02,-0.92,-1
-0.71,-0.38,1
-0.44,-0.56,1
0.07,-0.56,1
0.32,0.43,1
-0.14,-0.49,-1
0.28,-0.46,1
-0.63,-0.2,-1
-0.56,0.24,1
0.43,0.3,1
-0.91,0.03,1
0.41,0.8,-1
0.21,-0.89,-1
0.66,0.63,1
-0.66,0.2,1
0.71,0.38,-1
0.95,-0.17,1
0.9,-0.03,1
0.62,0.28,1
-0.98,0.89,-1
0.59,0.03,1
0.3,-0.09,1
0.37,-0.18,1
-0.31,-0.09,1
0.64,-0.6,1
-0.83,-0.77,-1
-0.7,0.8,1
0.41,-0.16,-1
-0.78,0.36,1
-0.84,0.11,1
-0.31,-0.36,1
-0.11,-0.73,1
0.78,-0.3,1
-0.14,0.96,1
0.25,0.05,1
0.04,-0.98,1
-0.71,0.89,-1
0.41,0.11,1
-0.5,0.79,1
0.13,0.04,1
-0.41,0.87,-1
-0.73,0.33,1
-0.02,-0.06,-1
1,-0.49,-1
-0.99,-0.57,1
-0.91,-0.51,1
0.4,-0.55,1
0.92,-0.78,-1
-0.47,0.6,1
0.46,0.18,1
-0.12,-0.85,1
0.44,-0.93,1
-0.51,-0.45,1
0.34,-0.52,1
0.94,0.75,1
-0.02,0.83,-1
-0.95,0.91,1
0.75,0.5,-1
-0.85,0.05,-1
0.52,0.43,-1
0.17,0.4,1
0.51,-0.21,1
-0.9,0.66,1
0.99,-0.4,1
0.82,-0.03,-1
-0.65,-0.18,1
-0.74,0.48,-1
-0.34,-0.38,1
0.84,-0.69,1
-0.17,0.1,1
0.45,0.57,1
-0.68,0.74,1
-0.24,-0.62,-1
0.25,-0.26,1
-0.88,0.23,1
0.84,-0.51,1
0.95,-0.43,1
0.73,-0.6,1
-0.32,-0.95,1
-0.62,0.94,-1
-0.98,0.57,1
0.82,0.62,-1
0.83,0.09,-1
-0.37,0.77,1
-0.73,-0.23,1
-0.16,-0.26,1
-0.91,0.36,1
-0.62,0.18,1
-0.99,-1,-1
-0.38,0.09,1
0.75,0.07,-1
-0.17,0.21,-1
-0.78,0.72,1
-0.35,0.46,1
-0.31,-0.63,-1
-0.55,-0.24,-1
-0.92,0.97,-1
-0.16,0.17,-1
0.13,0.7,1
0.24,0.71,-1
-0.24,0.65,1
0.32,0.15,-1
-0.05,0.25,-1
-0.89,-0.22,1
0.22,0.92,1
0.15,0.93,1
0.58,-0.42,1
-1,0.11,1
0.57,-0.93,1
0.97,0.86,1
-0.55,-0.65,1
0.91,-0.61,-1
-0.63,0.63,1
-0.21,-0.25,1
0.03,0.7,-1
0.16,-0.5,1
-0.04,-0.05,1
-0.83,-0.69,-1
-0.03,0.1,1
0.79,-0.76,1
0.17,-0.05,-1
0.22,-0.95,-1
-0.75,-0.69,-1
-0.02,-0.32,1
0.11,0.49,1
-0.94,0.56,1
-0.26,-0.34,1
0.33,-0.12,-1
-0.42,-0.63,1
0.49,-0.69,1
-0.79,-0.33,-1
0.05,-0.38,-1
-0.01,-0.03,-1
0.88,-0.68,-1
-0.23,0.07,1
0.16,-0.96,-1
-0.88,-0.18,1
0.62,-0.56,1
0.73,-0.55,-1
-0.57,0.38,1
-0.15,0.38,1
0.91,-0.98,1
0.26,-0.3,1
-0.49,0.12,1
0.96,0.46,1
-0.12,0.71,1
0,0.36,1
-0.96,-0.44,1
0.76,-0.95,1
0.42,0.14,1
-0.54,-0.68,-1
0.84,-0.63,-1
0.26,-0.48,-1
0.58,-0.11,1
-0.85,-0.15,-1
0.78,0.46,1
-0.47,-0.69,1
0.13,-0.04,1
0.85,-0.66,1
-0.48,-0.45,1
-0.59,0.8,1
-0.92,-0.69,-1
0.7,-0.44,1
-0.84,0.51,-1
0.71,-0.31,1
-0.18,0.11,-1
-0.31,-0.54,1
-0.6,-0.17,1
0.39,-0.27,-1
-0.46,-0.66,1
0.74,-0.55,1
0.9,-0.31,1
-0.43,0.46,1
-0.77,-0.95,1
-0.66,-0.36,1
0.61,-0.12,1
-0.49,-0.3,1
0.93,0.25,-1
-0.89,0.58,-1
-0.25,0.22,-1
-0.72,0.98,1
-0.58,0.02,-1
-0.31,-0.34,-1
-0.45,0.83,1
0.38,-0.35,-1
-0.62,0.12,-1
-0.62,0.95,-1
0.03,0.2,-1
-0.59,-0.34,1
0.29,-0.5,1
0.38,0.05,1
-0.36,-0.43,1
-0.4,0.25,-1
-0.8,-0.3,1
-0.57,-0.07,1
0.73,0.83,-1
0.65,0.38,-1
0.61,-0.42,1
-0.69,0.35,1
0.22,-0.48,-1
0.47,-0.88,-1
-0.02,-0.2,1
-0.54,0.88,1
-0.11,-0.04,1
0.75,-0.4,1
-0.63,-0.83,1
-0.11,0.49,-1
0.7,0.2,1
0.41,-0.44,1
-0.16,-0.84,1
0.01,-0.92,1
-0.07,-0.48,1
-0.89,0.57,-1
-0.99,-0.3,1
-0.26,-0.23,1
0.11,-0.81,1
0.74,-0.48,1
-0.46,0.7,1
0.36,-0.13,-1
0.48,-0.83,1
-0.71,-0.27,-1
-0.76,-0.02,1
-0.47,-0.15,1
0.08,0.62,-1
0.15,0.37,-1
-0.17,0.37,-1
0.52,-0.07,1
-0.33,0.83,1
-0.69,-0.22,-1
0.14,-0.58,1
0.42,-0.69,-1
-0.23,0.99,-1
0.79,0.62,-1
0.13,0.75,1
0.75,0.29,1
-0.98,-0.35,1
-0.17,-0.37,-1
-0.9,0.94,1
0.54,-0.37,1
-0.6,-0.41,1
-0.69,0.88,-1
0.88,0.38,1
-0.56,-0.49,-1
0,-0.17,-1
0.88,0.4,1
-0.44,-1,1
0.96,-0.18,1
-0.8,-0.44,-1
0.92,-0.1,-1
0.86,0.18,-1
-0.36,-0.51,-1
-0.51,-0.57,1
-0.9,-0.17,-1
0.5,0.37,1
-0.63,0.42,1
0.49,0.48,-1
-0.92,0.48,-1
-0.4,0.33,-1
0.24,-0.28,1
-0.86,-0.97,-1
-0.33,0.67,-1
0,-0.96,1
-0.19,-0.59,1
0.34,-0.74,-1
0.13,0.11,1
-0.21,-0.93,1
-0.48,0.03,1
0.83,0.53,-1
-0.2,0.9,1
-0.63,0.35,1
0.15,0.64,-1
-0.29,0.28,-1
-0.7,0.02,1
-0.22,0.25,1
-0.38,-0.41,-1
0.52,0.35,-1
-0.07,-0.77,1
-0.53,-0.6,-1
0.93,0.27,-1
0.19,-0.45,-1
0.89,-0.65,1
0.68,-0.54,-1
-0.07,-0.47,-1
-0.82,-0.55,-1
-0.87,-0.91,1
-0.47,0,1
-0.13,-0.96,-1
-0.5,-0.14,1
-0.08,-0.96,1
0.54,0.93,1
0.96,-0.48,1
-0.92,0.4,-1
-0.46,-0.68,1
-0.11,0.73,-1
0.09,-0.72,-1
0.9,0.48,1
0.31,-0.43,1
0.36,-0.32,1
-0.93,0.23,1
0.71,-0.26,1
-0.27,-0.3,-1
0.58,0.03,-1
-0.78,-0.02,1
0.16,-0.81,1
-0.8,-0.41,1
-0.2,0.94,-1
0.96,-0.65,1
-0.49,-0.38,1
-0.21,0.69,1
-0.54,0.26,1
0.16,0.7,-1
-0.25,-0.79,1
-0.8,-0.64,1
0.3,0.45,1
0.68,0.34,-1
-0.79,0.03,1
-0.89,0.45,-1
-0.01,0.04,-1
0.26,-0.79,1
-0.68,0.5,1
0.32,-0.71,-1
-0.85,-0.48,-1
0.02,0.03,-1
0.16,-0.56,-1
-0.89,0.78,1
-0.73,-0.83,1
-0.8,0.09,1
0.91,-0.41,-1
-0.19,0.91,-1
0.48,0.04,-1
-0.75,0.83,1
-0.27,0.61,1
0.12,-0.83,1
0.43,-0.26,1
-0.78,-0.79,-1
-0.74,-0.75,1
-0.23,0.81,1
0.62,0.58,-1
-0.97,0.81,1
0.49,0.33,-1
-0.57,-0.76,1
0.78,0.08,1
0.11,0.99,1
0.79,-0.85,-1
-0.38,0.4,1
0.39,0.04,-1
0.16,0.18,1
0.51,0.73,1
-0.55,0.24,-1
-0.7,-0.67,-1
0.48,0.1,-1
-0.08,-0.93,1
0.97,0.72,1
0.68,-0.27,-1
-0.72,-0.85,-1
-0.58,0.79,1
-0.66,-0.52,-1
0.92,-0.92,-1
0.47,-0.45,1
0.32,-0.66,1
0.96,0.59,1
0.95,0.36,1
0.43,-0.67,1
0.77,0.33,-1
0.02,0.52,1
0,1,1
-0.7,-0.63,1
-0.68,-0.31,-1
-0.52,0.64,1
-0.85,-0.59,1
-0.49,0.44,1
-0.18,0.68,-1
0.27,0.08,-1
0.98,0.97,1
-0.8,-0.63,-1
0.25,-0.46,1
0.29,-0.51,-1
-1,-0.37,1
0.29,-0.54,1
0.74,0.59,-1
0.91,0.18,-1
0.38,-0.09,1
-0.52,0.86,1
0.35,0.77,1
0.94,-0.37,1
-0.48,0.69,-1
0.17,0.48,1
-0.79,0.2,1
0.2,-0.11,1
-0.8,0.74,1
-0.48,-0.95,-1
-0.54,-0.98,1
0.77,0.85,1
-0.26,-0.59,-1
-0.76,-0.25,1
-0.1,0.05,1
0.08,-0.2,-1
-0.91,0.85,1
-0.74,0.67,-1
-0.1,0.14,-1
-0.93,-0.24,1
0.27,-0.31,1
-0.48,-0.79,1
-0.05,-0.38,1
0.22,0.87,1
-0.08,-0.9,1
-0.37,0.67,1
-0.2,0.67,1
0.6,-0.11,-1
0.9,0.25,1
0.08,0.23,-1
-0.33,0.35,1
-0.65,-0.74,-1
0.65,0.99,1
0.17,0.67,1
0.23,-0.37,1
0.78,0.46,1
-0.1,0.21,1
0.53,0.04,1
0.96,0.84,1
-0.82,0.54,1
-0.33,0.44,1
-0.33,0.18,-1
0.35,0.44,-1
-0.55,-0.18,-1
0.52,0.96,-1
-0.48,-0.95,1
0.27,-0.41,1
0.53,0.18,1
0.52,0.37,-1
0.75,0.42,1
0.2,0.36,1
-0.27,0.85,1
-0.08,0.83,-1
-0.45,-0.12,-1
0.95,0.09,-1
-0.93,-0.81,1
0.49,-0.81,1
0.49,-0.62,1
0.13,0.88,-1
-0.67,0.59,-1
0.49,0.31,1
0.15,0.39,1
0.86,0.58,1
-0.45,0.2,1
-0.63,-0.8,-1
-0.51,-0.16,1
-0.91,-0.89,1
0.37,0.42,1
-0.65,0.41,-1
-0.32,-0.53,1
0.42,-0.3,1
-0.18,0.32,-1
0.76,0.36,1
0.37,-0.74,1
-0.78,0.14,1
0.2,0.94,-1
-0.89,0.28,1
0.73,-0.36,-1
0.38,0.06,1
0.77,0.6,1
-0.78,-0.12,-1
-0.61,0.33,-1
0.43,0.12,1
-0.09,-0.13,1
-0.68,-0.48,1
0.61,0.52,1
-0.92,0.62,-1
0.4,-0.2,-1
0.44,-0.28,-1
-0.83,0.45,1
0.16,0.8,1
0.4,-0.48,1
0.75,0.81,-1
0.82,0.71,1
0.62,0.71,1
0.71,-0.5,-1
-0.81,0.49,-1
-0.69,-0.57,-1
-0.98,0.99,1
0.88,-0.97,-1
-0.11,0.6,1
0.54,0.75,1
-0.09,0.26,1
0.03,-0.98,-1
-0.26,-0.57,1
-0.82,-0.35,1
-0.72,-0.32,1
-0.25,0.42,1
-0.72,-0.93,-1
-0.74,0.74,-1
0.93,0.21,1
0.99,-0.74,1
0.01,0.5,1
-0.83,0.64,1
-0.58,-0.33,-1
0.6,0.3,-1
-0.58,0.67,-1
-0.68,0.99,1
0.23,0.85,1
0.59,-0.3,-1
0.38,-0.25,-1
0.67,-0.44,1
-0.66,0.75,1
0.32,-0.99,1
-0.7,0.07,-1
0.74,-0.75,-1
0.67,0.73,-1
0.35,0.26,1
-0.23,-0.33,-1
-0.69,-0.04,1
0.18,0.79,1
-0.19,0.99,1
0.35,0.67,-1
-0.28,-0.91,-1
0.03,0.46,1
0.97,0.84,1
0.73,-0.16,-1
-0.67,-0.56,-1
0.15,-0.45,1
-0.94,-0.51,1
0.78,0.08,1
-0.36,-0.55,-1
0.21,0.13,1
0.52,0.27,1
-0.51,0.03,1
0.54,-0.26,1
0.55,0.67,1
0.72,-0.24,1
0.16,-0.49,-1
-0.77,-0.63,1
-0.56,-0.5,1
-0.41,-0.53,1
-0.07,-0.95,1
0.59,-0.06,1
0.36,-0.61,1
-0.46,-0.23,1
0.91,-0.16,-1
0.48,0.11,1
-0.73,0.08,1
-0.94,-0.81,-1
0.81,-0.88,1
-0.42,-0.17,-1
-0.44,-1,-1
0.81,-0.41,1
0.13,0.45,-1
-0.48,0.06,-1
-0.17,-0.93,-1
0.22,0.54,1
0.35,-0.17,-1
-0.39,-0.59,1
-0.03,0.42,1
0.98,-0.9,1
-0.43,-0.19,1
0.73,-0.13,-1
-0.94,0.89,-1
0.38,0.98,1
0.38,-0.7,-1
0.86,0.53,-1
0.79,-0.21,-1
0.56,0.54,1
0.34,0.54,-1
-0.68,-0.81,1
0.3,0.68,1
0.56,0.98,1
-0.88,0.55,1
0.03,-0.65,-1
0.8,0.07,1
-0.41,0.39,1
-0.56,-0.94,1
0.94,-0.6,1
0.03,-0.62,1
0.42,-0.33,1
-0.83,0.69,1
0.93,-0.05,-1
0.78,-0.79,1
0.81,0.24,1
-0.04,0.05,1
0.33,-0.26,1
-0.58,-0.68,1
0.23,-0.35,-1
0.37,0.38,-1
0.58,0.85,-1
0.04,0.35,1
-0.28,0.84,1
-0.36,0.99,1
-0.94,0.03,1
-0.97,0.54,1
0,-0.83,1
-0.07,-0.72,1
0.12,0.96,1
-0.62,-0.9,1
0.44,0.33,1
0.57,-1,1
0.84,0.3,1
-0.55,0.07,1
0.76,-0.34,1
-0.66,0,-1
0.91,0.7,1
0.38,0.5,-1
-0.75,-0.36,1
0.03,-0.72,1
0.17,0.52,1
-0.55,0.38,1
0.03,-0.29,1
-0.94,0.29,1
0.39,-0.48,1
0.95,-0.3,1
-0.62,-0.18,1
0.34,0.04,1
-0.56,-0.07,1
0.15,-0.65,1
-0.27,0.45,-1
0.58,-0.04,-1
-0.5,0.68,1
-0.82,-0.66,1
0.19,-0.03,1
0.11,0.48,1
-0.12,-0.31,1
0.31,0.22,1
0.75,0.78,1
0.84,0.59,1
0.55,0.73,1
-0.2,-0.88,-1
0.78,-0.44,-1
-0.14,-0.52,-1
-0.55,0.76,1
-0.5,-0.85,-1
-0.1,0.57,1
0.17,0.69,1
-0.26,0.05,1
0.44,0.45,-1
-0.31,-0.37,1
0.21,0.51,1
0.71,-0.32,1
0.06,-0.33,-1
0.67,-0.48,-1
0.65,0.07,1
-0.35,0.01,1
-0.53,-0.39,1
0.26,0.47,1
-0.64,-0.44,1
0.05,0.95,1
-0.02,0.26,1
0.05,0.93,1
0.48,-0.1,1
-0.41,0.75,1
0.84,-0.31,1
0.01,0.28,1
0.15,-0.53,1
0.15,0.81,1
0.62,-0.31,1
0.15,-0.97,1
-0.63,0.42,1
-0.49,-0.57,1
-0.01,0.4,-1
-0.29,0.53,-1
0.31,-0.32,-1
-0.23,-0.27,1
-0.25,0.84,-1
-0.84,-0.34,1
0.56,0.11,1
0.03,0.19,1
-0.34,0.25,-1
0.11,-0.36,1
0.32,0.07,-1
0.2,0.07,-1
-0.97,0.28,1
0.95,-0.86,-1
0.46,-0.3,1
0.2,0.32,-1
-0.41,0.75,1
0.34,-0.18,1
0.51,-0.46,1
0.99,-0.43,-1
0.81,0.17,-1
-0.83,0.47,-1
-0.03,0.63,1
0.41,-0.17,1
-0.04,0.29,-1
-0.16,-0.47,1
0,-0.68,-1
-0.37,-0.88,-1
-0.65,0.1,1
-0.18,-0.12,1
-0.77,-0.75,1
0.09,-0.21,1
-0.15,0.8,1
0.39,0.58,-1
0.27,0.33,1
0.69,0.92,-1
0.22,0.56,1
0.42,-0.42,-1
-0.84,0.99,1
0.25,-0.35,-1
-0.68,-0.39,1
-0.51,-0.1,-1
-0.16,0.18,-1
0.01,0.66,1
0.69,0.19,-1
-0.72,0.1,-1
-0.65,0.43,1
0.52,-0.36,1
-0.28,-0.72,-1
0.84,-0.94,1
-0.72,0.87,1
0.01,0.68,1
-0.99,0.59,1
0.52,0.03,-1
-0.85,0.53,1
0.95,-0.12,1
0.49,-0.44,1
-0.43,0.5,1
0.39,-0.69,1
-0.94,-0.22,1
-0.46,0.17,-1
0.55,-0.32,1
0.78,-0.99,-1
-0.59,0.84,1
-0.25,0.16,1
0.86,-0.38,-1
0.95,0.69,1
0.43,-0.14,1
-0.48,-0.18,1
0.79,0.11,-1
0.34,0.69,1
0.17,0.11,1
-0.72,-0.72,-1
-0.88,-0.05,-1
0.15,-0.19,1
0.51,-0.55,-1
-0.74,0.62,-1
0.89,-0.44,1
0.19,-0.48,-1
0.45,0.73,1
0.54,0.54,1
0.84,0.37,1
0.14,-0.52,1
-0.35,-0.08,1
-0.23,0.7,1
0.04,-0.82,-1
0.3,-0.8,-1
0.97,-0.04,-1
-0.19,-0.03,1
0.29,0.83,-1
0.27,-0.54,-1
-0.32,0.72,-1
-0.23,0.67,1
-0.67,-0.42,-1
0.42,0.34,-1
0.82,0.6,1
0.21,-0.65,-1
0.59,-0.84,1
0.44,0.87,-1
-0.05,0.5,1
-0.51,-0.29,-1
0.21,-0.25,1
0.39,-0.53,1
-0.12,0.03,-1
0.25,-0.47,1
-0.84,0.3,-1
-0.63,-0.16,1
-0.39,0.18,1
0.85,-0.09,1
-0.78,-0.87,-1
-0.9,-0.33,1
0.54,-0.61,1
-0.33,0.24,-1
0.19,-0.99,-1
-0.64,-0.68,1
0.7,0.23,1
-0.61,-0.32,-1
0.54,0.44,1
0.88,-0.33,1
0.4,-0.48,1
1,0.74,1
-0.7,-0.68,-1
0.64,-0.1,1
0.65,-0.64,1
-0.96,-0.88,1
0.5,-0.92,1
0.31,-0.64,1
0.16,0.63,1
0.45,-0.62,1
0.19,-0.79,1
0.1,0.72,1
0.01,0.99,-1
0.3,-1,1
0.02,0.7,1
-0.18,-0.84,-1
0.35,0.83,1
-0.9,-0.15,1
-0.04,-0.38,-1
0.88,-0.25,1
0.36,0,1
0.05,-0.63,1
-0.63,0.59,-1
0.67,0.05,1
0.77,-0.35,-1
0.46,-0.19,-1
0.55,-0.59,1
-0.61,-0.52,1
-0.07,0.2,-1
0.46,0.4,-1
-0.03,-0.09,-1
-0.19,-0.86,-1
-0.33,0.45,1
0.32,-0.49,1
0.39,-0.64,1
0.67,0.19,1
-0.27,0.53,-1
0.27,-0.17,1
0.56,0.89,-1
0.82,-0.57,-1
0.63,0.43,1
0.66,0.47,1
0.69,-0.22,-1
-0.92,-0.57,-1
-0.51,-0.71,1
0.05,0.48,1
0.79,0.67,1
0.23,-0.2,1
-0.74,-0.96,1
0.87,0.08,1
-0.37,-0.81,-1
0.3,0.37,-1
0.83,0.22,1
-0.48,0.65,1
0.72,0.65,-1
-0.64,-0.37,-1
-0.94,-0.26,1
0.99,-0.18,-1
0.73,-0.59,-1
0.74,0.33,1
-0.32,0.57,-1
-0.06,-0.98,1
0.96,-0.34,-1
0.88,0.1,-1
-0.09,0.73,1
-0.67,0.08,1
-0.09,-0.28,-1
-0.11,0.85,-1
0.12,-0.22,1
-0.14,0.04,1
0.95,0.77,-1
0.06,0.01,1
-0.68,0.64,1
-0.47,0.88,1
0.46,-0.02,1
-0.67,0.38,1
0.71,-0.39,-1
0.51,0.26,-1
-0.87,-0.2,1
0.67,0.17,1
-0.22,-0.1,1
0.22,-0.41,1
0.8,0.09,-1
-0.9,0.95,-1
-0.76,-0.33,1
0.37,-0.36,1
-0.71,-0.2,1
-0.15,-0.78,1
-0.91,0.32,1
-0.97,-0.27,1
0.35,-0.67,1
0.21,0.62,1
0.72,-0.34,1
0.54,0.31,-1
-0.59,-0.41,1
-0.18,0.23,1
-0.23,-0.83,-1
0.39,-0.18,-1
-0.61,-0.94,-1
0.5,-0.77,-1
-0.99,0.75,1
0.43,0.03,-1
0.5,0.74,1
0.46,0.67,-1
0.32,0.33,-1
0.15,-0.32,-1
-0.65,0.84,1
-0.75,-0.12,1
-0.28,0.02,1
0.93,0.42,1
-0.57,0.35,-1
-0.33,0.58,1
0.5,0.29,-1
-0.15,0,1
0.6,-0.98,-1
-0.69,-0.44,-1
0.58,-0.8,-1
0.11,0.83,1
-0.31,-0.33,1
0.13,0.96,1
0.62,0.33,1
-0.45,-0.48,1
-0.66,-0.02,1
-0.27,-0.21,1
0.46,0.79,-1
0.55,-0.62,1
0.71,-0.59,1
0.55,-0.41,1
-0.65,-0.97,1
0.58,0.51,1
1,-0.18,1
-0.68,0.03,1
-0.71,-0.12,1
-0.58,0.97,1
-0.68,-0.89,1
-0.15,-0.32,1
-0.18,0.72,1
-0.91,0.28,1
0.69,0.84,1
0.7,-0.02,1
0.64,0.04,1
-0.72,-0.81,1
0.09,-0.51,1
-0.22,0.97,1
-0.42,-0.3,-1
-0.72,-0.06,1
0.62,0.83,1
0.79,0.94,-1
0.79,-0.78,1
-0.13,-0.04,-1
-0.13,0.03,1
0.64,0.73,-1
-0.42,-0.11,1
-0.83,0.52,1
0.38,-0.99,-1
0.6,-0.01,-1
0.8,-0.88,-1
-0.78,0.45,1
0.6,-0.74,-1
0.54,-0.89,-1
0.03,0.91,-1
-0.98,-0.84,1
0.84,-0.73,1
-0.03,-0.82,-1
0.26,0.04,-1
0.21,0.78,1
-0.65,0.83,-1
-0.53,0.51,1
-0.55,-0.05,-1
-0.52,-0.33,1
-0.07,-0.03,1
-0.83,-0.44,1
0.91,0.89,-1
-0.18,0.25,-1
0.92,0.17,1
-0.22,-0.12,1
0.07,0.77,1
-0.37,0.87,1
-0.04,-0.43,-1
-0.69,0.56,1
-0.27,-0.04,-1
-0.99,-0.51,-1
-0.29,0.07,1
-0.45,-0.33,1
-0.37,0.51,1
0.79,0.42,1
0.35,0.3,1
-0.81,0.78,-1
0.41,-0.57,1
-0.35,0.98,1
0.65,-0.16,1
-0.13,0.59,-1
0.17,-0.44,1
-0.78,-0.16,1
0.42,-0.97,1
-0.83,0.44,1
0.83,-0.84,1
-0.29,-0.77,-1
0.28,-0.17,1
0.35,0.09,1
0.87,0,-1
-0.64,0.92,-1
0.59,0.88,-1
0.46,-0.2,-1
-0.8,0.7,1
-0.99,-0.78,1
0.78,-0.43,1
-0.02,-0.63,1
0.91,0.77,1
0.47,-0.74,1
-1,0.98,1
0.26,0.51,1
-0.98,-0.24,1
-0.76,0.54,1
-0.78,0.86,1
0.21,-0.41,1
0.76,-0.89,1
0.65,-0.82,1
0.47,0.41,-1
0.97,-0.99,1
0.43,0.62,-1
0.6,-0.3,-1
0.96,-0.86,1
0.59,0.28,-1
-0.09,-0.63,-1
-0.06,-0.55,-1
-0.33,0.37,-1
-0.48,-0.08,-1
-0.48,0.08,1
-0.14,-0.18,1
-0.49,0.38,1
0.96,-0.62,1
0.69,-0.06,-1
0.49,0.64,1
-0.43,0.11,-1
0.24,-0.4,-1
-0.86,0.68,-1
-0.03,-0.15,1
-0.02,-0.54,1
0.27,0.76,-1
0.51,-0.27,-1
-0.38,0.49,1
-0.18,0.24,1
0.47,-0.5,1
-0.03,0.13,-1
-0.6,-0.69,1
-0.21,-0.49,1
0.94,0.44,-1
0.09,0.59,1
-0.05,0.21,-1
-0.82,0.84,1
-0.05,-0.85,1
0.45,0.76,1
0.66,0.66,-1
0.04,-0.21,1
-0.07,0.66,1
-0.21,0.8,-1
0.94,0.15,-1
-0.24,-0.45,1
0.78,-0.55,1
0.57,0.36,1
0.56,0.67,-1
-0.83,-0.55,1
0.83,-0.46,1
-0.93,0.46,1
0.13,-0.55,1
-0.28,0.77,1
0.33,0.52,1
0.89,0.77,-1
0.27,-0.71,-1
0.74,0.72,1
0.08,-0.09,-1
0.85,-0.02,-1
-0.44,0.37,-1
-0.95,0.53,1
-0.27,0.65,-1
-0.2,0.49,-1
-0.26,0.13,1
0.73,-0.8,-1
-0.65,0.63,1
0.44,-0.53,1
0.05,-0.9,1
0.28,0.38,-1
-0.88,0.75,1
-0.8,-0.22,1
-0.54,-0.92,1
-0.79,-0.77,-1
-0.19,0.15,1
0.54,0.33,1
0.62,-0.21,1
-0.5,0.28,1
0.67,0.74,-1
0.49,0.24,-1
0.01,-0.74,1
0.54,-0.92,1
0.54,0.54,1
0.3,0.74,-1
0.5,-0.78,1
-0.41,0.91,-1
-0.84,-0.57,1
-0.58,0.66,1
0.81,0.55,1
-0.34,-0.92,1
-0.96,0.97,-1
-0.53,-0.48,1
-0.72,0.07,1
0.29,0.65,-1
0.39,0.56,-1
-0.07,0.49,1
0.86,-0.73,1
-0.77,-0.38,1
0.17,-0.18,1
-0.12,0.93,1
0.75,0.23,1
-0.27,-0.91,1
-0.04,-0.62,1
0.68,0,-1
0.18,0.33,1
-0.9,0.76,1
-0.17,-0.21,1
-0.44,-0.7,1
-0.58,-0.53,-1
-0.35,-0.85,-1
-0.8,-0.61,-1
-0.25,0.7,-1
0.14,0.59,1
-0.37,-0.8,1
0.99,0.19,1
0.09,-0.83,-1
0.15,0.31,1
-0.32,0.59,-1
0.67,0.72,1
0.4,0.02,-1
0.62,-0.33,-1
-0.18,0.88,1
-0.19,-0.28,1
-0.28,-0.18,-1
-0.24,0.01,1
0.27,0.75,1
-0.01,-0.82,1
0.55,-0.02,1
0.65,0.59,-1
-0.97,0.72,1
-0.52,0.52,-1
-0.09,0.02,1
0.8,-0.09,-1
0.8,-0.75,1
0.97,0.83,-1
-0.83,0.36,1
0.44,0.85,1
0.64,0.83,1
-0.3,0.54,-1
0.33,0.35,1
0.23,-0.25,1
0.44,0.12,1
-0.34,0.29,-1
0.54,0.07,1
0.69,0.33,-1
0.86,-0.22,1
0.16,-0.97,-1
0.95,0.77,1
-0.34,-0.6,1
-0.21,0.01,1
0.13,0.74,-1
-1,0.25,-1
0.8,-0.96,-1
0.72,0.48,1
0.78,0.57,-1
-0.17,-0.59,1
0.96,-0.18,1
0.45,-0.12,1
0.69,-0.64,-1
-0.13,-1,-1
-0.74,0.18,1
-0.81,1,1
0.55,-0.98,1
-0.43,0.93,1
0.51,-0.76,1
-0.95,0.89,-1
0.8,0.25,-1
0.29,0.42,-1
-0.71,0.35,1
0.95,-0.09,1
-0.05,0.25,1
0.02,0.39,-1
0.17,-0.8,1
0.29,-0.56,-1
-0.61,0.05,-1
-0.92,0.38,-1
-0.98,-0.59,-1
-0.98,0.8,-1
0.12,0.25,1
0.45,-0.33,1
-0.23,0.68,1
-0.83,-0.44,-1
0.78,0.71,-1
0.15,-0.53,1
0.15,0.1,1
0.9,-0.18,1
-0.17,-0.77,1
-0.26,-0.62,1
-0.56,-0.64,1
0.87,0.4,-1
-0.82,0.13,1
0.28,-0.94,1
-0.41,-0.63,-1
0.74,0.32,-1
0.37,-0.78,1
0.38,-0.55,1
-0.04,0.6,1
-0.74,0.81,1
0.39,0.35,-1
-0.21,0.37,1
-0.13,-0.03,-1
0.58,-0.68,1
0.56,-0.95,-1
0.31,-0.33,-1
0.55,0.61,-1
0.28,-0.68,1
-0.87,0.04,1
-0.59,0.08,-1
-0.25,-0.89,1
-0.74,-0.29,1
-0.81,0.41,1
-0.89,0.33,1
0.25,0.96,1
-0.92,0.63,1
-0.82,-0.73,-1
-0.45,0.75,1
0.03,-0.72,1
0.67,0.93,-1
0.97,-0.57,1
-0.79,-0.19,1
0.1,0.2,1
-0.39,-0.36,1
-0.48,0.73,1
0.31,0.04,1
-0.35,0.5,1
-0.07,-0.43,1
-0.75,-0.32,-1
0.02,-0.93,-1
0.64,-0.26,1
-0.98,0.17,1
-0.9,0.16,-1
0.25,-0.57,-1
0.88,-0.83,1
0.75,0.03,1
-0.14,0.78,1
0.83,0.75,-1
-0.94,-0.12,1
-0.33,0.37,-1
0.36,-0.34,1
-0.14,0.64,-1
-0.88,0.36,1
-0.32,-0.02,1
-0.86,-0.2,1
-0.5,-0.45,-1
0.59,0.28,1
0.46,0.13,-1
0.76,0.68,1
0.08,-0.03,1
0.1,0.7,1
-0.34,0.34,1
0.81,0.79,1
-0.84,0.13,1
0.59,-0.33,-1
0.16,-0.89,1
0.92,0.62,-1
-0.98,0.8,1
-0.26,-0.22,1
0.17,-0.5,-1
-0.67,-0.47,1
-0.14,-0.91,1
-0.9,-0.71,1
-0.32,-0.59,-1
-0.74,-0.13,1
0.52,0.13,1
-0.89,0.79,1
-0.81,-0.27,1
-0.06,-0.36,1
0.98,0.11,-1
0.32,0.48,1
0.5,0.68,-1
-0.88,-0.51,1
-0.94,0.95,1
-0.29,-0.41,1
-0.76,-0.43,1
-0.48,0.08,1
-0.1,0.53,-1
0.66,0.28,1
0.91,0.89,1
-0.35,-0.7,1
0.16,0.42,1
-0.86,-0.22,1
-0.51,-0.83,-1
0.02,-0.37,1
0.95,0.13,-1
0.88,0.26,1
0.35,-0.26,1
0.05,1,-1
-0.52,0.55,-1
0.51,0.61,1
0.47,0.35,-1
-1,0.4,1
-0.27,0.5,-1
0.93,0.44,1
0.37,-0.3,1
-0.08,0.34,1
-0.64,0.62,1
0.41,-0.83,1
0.25,-0.72,-1
0.24,0.69,1
-0.8,-0.84,-1
-0.18,0.09,1
0.97,0.04,-1
-0.05,0.87,-1
0.47,-0.64,1
-0.8,0.24,1
0.8,-0.34,-1
0.59,-0.26,1
0.55,-0.66,1
0.55,-0.54,1
0.43,0.26,1
-0.91,-0.51,1
0.06,0.7,1
0.79,-0.81,1
0.73,-0.75,-1
0.56,-0.33,1
0.95,-0.79,-1
-0.73,0.78,1
0.79,0.29,1
-0.83,-0.98,-1
-0.34,-0.16,-1
-0.97,-0.9,1
0.18,0.04,1
0.21,0.53,-1
-0.87,0.59,-1
0.35,0.15,1
0.01,-0.26,-1
-0.55,-0.73,-1
0.38,0.16,1
0.38,0.04,1
-0.24,0.53,1
-0.92,0.92,1
-0.07,0.93,1
-0.84,0.78,-1
0.96,-0.48,1
0.62,-0.59,1
-0.22,0.29,-1
0.94,-0.78,1
0.08,-0.39,-1
0.16,-0.48,1
0.24,0.34,1
0.61,-0.32,-1
-0.06,-0.05,-1
-0.62,-0.1,-1
0.58,0.46,-1
0.51,-0.3,1
-0.75,0.15,1
-0.71,-0.13,1
-0.2,0.33,1
0.73,-0.58,-1
-0.2,0.58,1
-0.96,-0.16,1
0.36,0.87,-1
-0.95,0.44,1
0.92,0.02,1
-0.38,0,1
0.21,0.41,-1
-0.7,0.36,-1
-0.35,-0.81,-1
0.56,-0.1,1
0.92,-0.89,1
-0.24,0.02,1
0.1,-0.52,1
0.47,-0.63,1
-0.6,-0.68,-1
0.85,-0.32,-1
-0.3,0.42,1
0.86,-0.04,1
0.04,0.67,1
0.09,-1,-1
-0.88,0.13,1
0.84,-0.39,1
0.94,0.44,1
0.95,-0.38,1
0.64,-0.49,-1
0.03,-0.27,-1
-0.87,0.14,1
0.16,-0.66,-1
-0.26,-0.6,-1
-0.22,-0.39,-1
-0.84,0.06,1
0.29,0.99,1
0.57,0.05,1
0.2,-0.36,-1
-0.31,-0.32,-1
0.59,-0.25,-1
0.91,-0.45,-1
0.24,-0.15,1
0.9,-0.18,1
0.3,0.3,1
-0.87,-0.42,-1
0.47,0.8,-1
-0.36,0.37,1
0.42,0.13,1
-0.3,0.77,-1
-0.83,0.07,1
-0.82,-0.14,1
-0.08,-0.6,-1
-0.4,-0.95,1
0.96,-0.26,1
-0.02,-0.27,1
0.95,0,-1
-0.24,-0.8,1
-0.21,-0.33,1
-0.29,0.2,1
0.96,0.49,-1
0.23,0.19,1
0.57,0.73,-1
-0.2,-0.59,1
0.85,-0.23,1
-0.43,-0.39,-1
0.49,-0.3,-1
0.6,-0.62,-1
-0.79,0.3,1
-0.23,0.51,1
-0.67,-0.84,1
0.6,0.48,1
-0.89,0.14,1
-0.62,-0.21,-1
-0.8,0.57,1
-0.79,-0.44,-1
0.09,0.94,1
0.89,0.97,1
0.39,0.97,-1
0.96,0.4,-1
0.9,-0.12,1
-0.29,0.89,-1
-0.35,0.15,1
0.44,0.03,1
0,0.52,-1
-1,0.26,-1
0,-0.76,-1
0.85,0.92,1
0.35,0.86,1
-0.75,0.58,-1
-0.45,-0.7,-1
0.3,-0.51,1
0.85,0.48,1
-0.12,0.46,1
0.44,0.01,1
-0.52,0.92,1
-0.18,-0.31,1
-0.85,-0.04,1
0.58,0.1,1
0.52,0.41,-1
-0.19,-0.34,1
0.3,-0.49,1
0.28,0.08,1
-0.12,0.4,1
0.97,0.36,-1
0.61,-0.11,1
0.21,-0.71,1
-0.55,-0.61,1
0.47,0.26,-1
-0.33,0.35,-1
0.49,-0.32,-1
-0.65,0.21,-1
0.46,0.55,1
0.2,0.2,-1
0.94,-0.05,1
0.31,0.78,-1
0.76,0.94,1
0.12,-0.53,1
0.03,0.8,1
-0.12,0.46,1
-0.05,-0.77,1
-0.18,-0.03,-1
0.04,-0.71,1
0.89,-0.59,1
-0.6,-0.38,1
-0.39,0.29,1
0.25,-0.12,1
0.96,0.85,1
0.22,0.84,1
-0.49,-0.02,-1
-0.9,-0.15,1
0.4,-0.85,-1
0.68,0.53,-1
-0.89,-0.73,1
0.83,-0.32,1
0.11,-0.53,1
0.78,0.22,1
-0.92,-0.98,1
0.57,0.96,1
-0.36,-0.73,1
-0.9,-0.64,-1
0.27,-0.61,1
-0.71,0.77,1
0.55,-0.46,1
-0.99,0.34,-1
0.29,0.79,1
0.26,-0.13,1
0.49,-0.53,1
0.79,0.95,1
0.49,-0.27,1
-0.09,0.55,1
0.26,-0.04,1
-0.79,-0.21,1
0.98,0.3,1
0.81,0.67,-1
-0.32,0.16,1
0.52,0.24,-1
-0.63,0.64,-1
-0.75,0.85,1
0.69,0.13,-1
0.81,0.28,1
0.06,-0.1,-1
-0.27,-0.05,1
-0.96,-0.43,1
-0.25,0.6,1
0.84,-0.44,-1
0.61,0.06,1
0.07,0.5,-1
0.13,0.38,1
0.55,0.22,-1
-0.12,-0.25,1
0.05,0.38,1
-0.93,-0.02,1
-0.99,-0.37,1
-0.39,0.99,1
0.05,-0.4,1
0.25,-0.59,1
-0.16,0.71,1
0.75,-0.53,-1
-0.18,0.33,1
0.23,-0.78,1
-0.25,-0.59,1
-0.7,0.52,1
0.31,-0.29,-1
0.75,-0.85,1
0.55,-0.83,1
0.46,0.52,1
0.94,-0.2,1
-0.08,-0.18,-1
-0.82,0.99,-1
-0.35,0.47,1
0.82,0.23,1
-0.19,0.92,1
-0.73,-0.11,1
-0.44,0.99,1
-0.28,0.87,1
-0.36,-0.81,-1
-0.28,0,1
0.22,-0.66,1
-0.9,-0.92,1
-0.37,-0.61,-1
-0.9,-0.87,1
0.13,-0.31,1
-0.45,0.08,-1
0.85,-0.06,-1
-0.65,-0.8,-1
-0.86,0.07,1
0.72,0.71,1
0.67,0.4,-1
-0.53,-0.23,1
0.85,0.1,1
0.88,-0.76,-1
-0.28,0.11,1
0.04,0.54,1
-0.37,0.16,1
-0.81,-0.49,1
0.84,-0.64,-1
-0.31,-1,1
-0.56,-0.17,-1
0.94,0.86,1
-0.43,-0.75,1
0.35,-0.94,1
-0.06,-0.48,-1
0.4,0.15,1
-0.07,0.92,1
-1,0.04,1
0.72,-0.38,1
-0.42,-0.47,1
0.63,0.61,1
-0.78,0.71,1
0.4,-0.39,-1
-0.02,0.95,-1
0.7,0.62,-1
-0.28,0.31,-1
0.98,-0.75,1
0.74,0.13,1
-0.69,0.65,-1
0.66,0.79,1
-0.21,0.82,1
-0.36,0.63,1
-0.81,0.8,1
-0.86,-0.36,1
0.73,-0.23,1
0.68,-0.52,1
0.31,0.57,-1
0.76,0.17,-1
-1,0.09,-1
0.94,0.63,1
0.22,0.26,-1
0.77,-0.48,1
0.69,0.06,-1
-0.25,0.19,1
0.33,0.48,1
0.51,-0.76,1
0.44,-0.51,-1
-0.51,-0.57,-1
0.89,-0.01,1
0.53,-0.21,1
-0.21,-0.83,-1
0.87,0.08,1
-0.98,-0.24,1
-0.44,0.72,1
0.2,0.16,1
0.58,-0.62,1
0.23,0.1,1
-0.86,0.17,1
-0.86,-0.18,1
0.05,0.61,1
0.99,0.61,1
0.08,0.12,-1
0.92,0.07,1
-0.44,-0.53,1
0.55,-0.93,1
-0.33,0.89,1
-0.26,-0.54,1
-0.13,-0.43,-1
0.47,-0.23,1
0.34,0.8,1
-0.72,-0.14,-1
0.3,-0.1,1
0.28,-0.05,-1
-0.87,-0.97,-1
-0.54,-0.14,-1
0.52,0.59,1
-0.68,0.39,1
0.61,-0.68,1
-0.84,-0.59,1
0.98,0.19,-1
0.22,-0.62,1
-0.62,0.18,1
-0.29,-0.29,1
-0.69,-0.17,1
0.94,-0.78,1
0.76,0.28,-1
1,-0.87,1
0.04,-0.45,1
0.2,0.15,-1
0.51,-0.05,1
0.13,-0.33,1
-0.42,0.42,1
0.52,-0.51,-1
-0.86,0.42,1
-0.57,-0.62,1
-0.76,-0.71,1
-0.73,-0.62,-1
-0.81,0.93,1
0.81,0.93,1
0.82,-0.13,1
-0.81,0.67,1
0.89,0.5,1
0.32,0.44,1
0.99,-0.36,-1